653.188
642.495
640.317
646.89
646.883
641.902
668.502
633.413
657.966
640.75
644.886
652.789
650.133
664.777
664.503
646.433
650.87
658.128
646.678
649.915
664.562
660.409
639.524
637.288
652.454
650.366
650.643
649.61
657.294
647.396
666.105
653.307
660.48
635.445
635.162
652.842
664.511
645.502
651.086
649.216
654.318
648.283
646.197
654.935
656.13
667.533
639.57
650.64
651.309
674.819
649.538
656.497
657.977
651.23
649.918
657.736
645.08
645.539
654.987
648.074
656.852
649.313
650.327
641.384
655.559
646.363
641.647
643.783
642.26
645.207
641.857
650.051
643.991
659.137
668.79
638.28
656.903
639.421
651.758
648.903
656.744
648.975
669.238
644.597
649.626
670.498
656.138
640.807
651.502
658.753
648.171
887.958
655.153
649.577
696.095
655.923
633.466
643.062
666.25
645.559
641.857
665.299
648.109
662.131
649.122
650.755
641.196
652.304
659.357
639.855
647.3
651.502
648.334
635.438
651.284
641.627
642.376
641.598
654.714
653.066
642.327
660.936
653.99
654.318
645.596
640.131
667.53
661.439
650.455
647.523
647.931
645.037
671.425
654.166
650.017
669.8
638.177
642.461
655.199
675.902
641.669
659.416
653.134
659.429
639.029
655.905
649.665
653.834
643.304
650.254
640.818
653.478
643.847
641.857
638.236
701.427
650.281
641.666
669.648
654.178
648.857
635.849
644.957
654.052
649.578
650.027
661.559
644.576
648.653
664.588
645.875
646.91
658.493
646.169
652.932
650.181
645.509
639.225
657.177
671.315
649.087
663.348
647.798
