8898
4790
7202
4784
5566
5330
7637
5814
5659
5611
6523
4456
4428
6032
9456
7478
4463
9868
8756
6469
4801
4357
8730
6508
7246
4379
5519
9230
5856
5941
4644
6610
3918
4908
4407
6708
9200
3952
3691
4332
6177
3565
5172
6963
9065
13719
8469
4360
5256
9992
8295
11475
6621
6727
7196
10290
5566
4839
8082
3538
5022
3714
7092
6462
5632
4831
4615
5348
5354
5819
5020
8028
5606
10717
4921
4459
11905
5623
5989
6583
4309
3842
6096
8088
5100
5114
7586
5040
5752
4333
9291
3456
6526
4679
5335
8179
7547
3851
6053
6103
4782
4378
19315
5815
4037
4881
6865
4855
9517
8368
3709
6570
3853
9217
6605
6642
8786
6169
12535
18474
17759
6255
6477
5794
5734
3930
8111
5441
3954
5015
6999
5816
5328
