15194
31638
42295
72822
12035
14487
15898
23631
41572
18930
15069
11432
18477
19553
31072
20361
38292
26536
15946
19343
18682
22759
18889
40293
25605
38090
24243
53310
47072
16775
23511
13855
21224
42222
16021
17684
56548
20255
27881
35269
14921
44377
45849
19450
37963
19623
14488
18106
20241
87145
16242
13629
12510
25371
13085
21886
24226
11477
40016
23143
29377
22751
20007
15228
16792
13349
19745
15118
27469
14563
20186
18645
19918
52308
57265
16433
66162
17715
54669
11469
16133
23104
28984
31621
18865
73566
20917
17079
26622
14590
18439
16571
55863
19515
47709
25350
13107
22508
28041
35049
