3068
2959
2733
3742
2878
3237
3796
3296
3592
2866
2635
2829
3387
3377
2943
3068
3099
2750
2951
3016
2883
3112
2441
2924
2625
2908
3275
3460
2696
2880
3971
3869
3236
3189
3508
3475
2650
2695
3137
3136
2300
2903
2968
3179
2723
2502
2653
2480
2696
2948
2746
3821
3432
3151
2691
4279
2863
3467
2953
3244
4090
3335
3480
2913
3421
2661
3000
2627
3113
2922
3121
2372
2435
3127
2692
3150
3125
3068
3504
3088
3067
2931
3081
2573
2370
3075
2938
3157
3891
4343
2871
6904
2618
2702
3504
2472
2790
2935
3391
2010
3106
2918
3389
2421
2611
2847
2554
3076
3109
3038
2408
2778
2832
2821
2330
2871
3065
3540
3236
3043
3210
2818
3388
2354
2947
2838
3197
2438
2849
2571
3158
3062
3035
2872
3195
2736
2395
2905
3393
2728
2892
3284
3101
2938
2931
2841
2406
2632
2728
2823
2876
4481
3415
3127
2800
4218
3588
3757
3402
3137
3725
3035
3146
2842
2745
1967
2696
3315
2873
2751
3332
2973
3171
2559
3241
2769
3311
3035
3310
3305
2969
2659
2964
