1505.54
1393.12
1505.54
1393.08
1455.88
1424.3
1508.45
1448.42
1448.68
1634.71
1329.28
1437.79
1492.41
1621.82
1425.03
1393.97
1387.39
1505.54
1365.77
1525.51
1488.66
1580.31
2301.49
1705.28
1417.99
1486.97
1609.23
1438.36
1394.09
1503.07
1531.81
1354.32
1469.01
1370.09
1844.06
1505.54
1438.88
1517.48
1366.73
1841.12
1329.28
1330.48
1509.18
1489.71
1526.27
1647.2
1481.78
1562.32
1546.36
1656.68
1666.53
1329.28
1477.83
1579.08
1381.37
1542.03
1431.5
1411.24
1364.55
1526.85
1505.54
1680.25
1421.23
1329.28
1615.78
1589.74
1514.97
1709.86
1414.57
1346.81
1392.81
1475.74
1720.44
2276.58
1351.74
1526.64
1915.88
1515.6
1494.54
1471.98
1365.6
1519.58
1518.75
1473.35
1620.2
1544.7
1568.8
1354.93
1329.28
1510.96
1614.22
1538.55
1423.69
1570.48
1433.9
1329.28
1521.31
1340.56
1459.36
1558.98
1373.7
3786.76
1425.31
1362.75
1893.18
1421.53
1560.05
1466.42
1633.64
1355.54
1329.28
1351.78
1482.46
1505.54
1399.06
1364.01
1360.63
1515.1
1449.64
1386.5
1459.52
1378.63
1395.81
1497.81
1631.39
1505.54
1448.58
2211.59
1391.86
1510.39
1585.91
1544.52
1389.33
1713.9
1419.9
1638.31
