1276.41
1296.6
1275.84
1382.35
1319
1294.31
1286.42
1382.58
1286
1287.29
1294.49
1390.25
1311.2
1299.55
1361.1
1356.77
1752.99
1330.91
1292.49
1345.14
1284.52
1340.89
1283.43
1311.12
1354.25
1534.01
1306.16
1365.16
1410.77
1287.57
1309.15
1287.4
1274.94
1283.32
1334.18
1284.7
1345.45
1299.36
1289.24
1380.8
1288.28
1694.51
1275.58
1294.05
1298.83
1300.73
1392.32
1328.26
1277.81
1279.95
1290.24
1299.55
1310.9
1304.42
1298.79
1400.39
1278.97
1302.86
1281.07
1295.9
1286.87
1291.71
1353.52
1283.18
1323.55
1289.61
1298.33
1281.03
1284.56
1284.17
1288.67
1286.79
1290.13
1288.31
1284.56
1374.11
1284.56
1283.94
1280.14
1279.65
1315.54
1300.36
1289.83
1289.31
1729.79
1336.95
1281.32
1334.04
1457.75
1283.03
1528.29
1307.39
1278.49
1281.68
1285.77
1293.94
1284.18
1618.03
1282.35
1275.58
1285.11
1279.29
1352.74
1335.16
1413.34
1316.04
1274.93
1376.41
1356.51
1446.19
1284.24
1280.42
1372.81
1292.1
1273.91
1293.18
1524.93
1284.56
1324.68
1379.09
1391.18
1288.55
1288.93
1597.93
1289.53
1277.88
1554.95
1358.94
