688.657
727.843
743.103
755.092
728.692
563.373
703.043
687.869
742.955
776.58
711.908
707.247
706.931
745.911
709.989
691.324
783.475
758.999
801.19
682.98
759.65
761.096
702.895
769.276
771.675
737.765
766.45
700.004
736.49
715.793
754.32
730.479
702.931
703.436
717.315
712.789
758.903
755.913
729.385
707.138
691.475
732.46
793.189
701.377
706.12
719.843
692.168
712.086
703.895
713.655
753.973
588.99
729.691
755.99
731.725
746.696
789.564
711.516
766.002
748.433
692.634
706.845
702.188
703.672
708.273
730.412
687.742
733.88
705.917
717.587
719.059
714.656
750.431
704.987
713.525
724.772
713.378
695.059
698.296
673.624
723.643
714.517
792.556
773.782
723.235
769.471
700.285
685.041
740.513
750.938
730.599
698.804
774.45
749.137
692.293
762.546
736.358
713.875
604.701
714.977
