3012
4485
2879
3464
2554
2866
4448
2970
2274
2974
2977
3254
2377
2616
2220
3029
2921
4971
2480
2218
2703
2948
3095
2735
2642
2272
2750
3318
3114
2905
3081
2916
3154
2271
4903
2279
2217
3223
2795
2317
2782
2532
5208
3177
3011
2461
2332
3166
2777
2264
2894
2311
2768
2476
2239
3053
3055
5384
4663
5231
2938
2994
2724
3234
3039
2964
2299
3159
2823
3320
3573
3528
3300
2670
3866
2450
3405
2626
3060
4373
2857
3054
4198
3140
3525
3593
3027
5514
2889
3156
3175
2840
3521
2651
3066
5723
2925
2769
4392
2544
