937.378
920.279
994.172
924.598
976.024
917.11
911.726
932.204
902.479
902.624
926.89
956.952
926.946
894.443
916.069
886.098
915.614
926.299
919.168
912.72
889.351
926.072
889.46
903.102
935.176
913.22
888.807
942.354
912.137
924.461
927.074
985.304
909.481
931.375
1076.05
905.329
1391.63
932.083
962.781
928.404
893.567
967.527
918.869
910.201
932.204
921.34
918.063
924.348
922.083
937.611
1039.19
938.826
887.918
934.198
896.656
962.959
962.123
961.12
906.938
880.61
1005.49
905.829
964.18
919.074
921.922
927.961
937.25
931.709
893.489
895.402
979.908
925.793
909.201
897.008
956.248
930.646
940.731
987.503
918.263
899.736
899.588
967.499
906.31
910.444
909.185
975.24
896.255
928.874
910.201
925.93
926.955
933.482
915.665
909.669
964.627
935.165
961.973
996.643
913.003
985.228
907.659
885.369
986.878
943.05
961.467
1003.46
935.834
898.659
909.919
928.509
1056.68
893.56
997.47
942.148
997.921
974.629
934.51
931.66
894.782
915.177
930.756
938.217
928.869
1001.83
913.864
891.157
918.842
920.193
966.803
961.58
959.361
925.578
954.563
898.173
939.311
906.356
925.38
887.475
925.125
927.002
899.321
992.027
914.531
912.165
927.044
951.739
908.952
1008.25
976.616
926.572
1035.17
971.175
944.835
890.993
940.182
906.197
947.245
932.236
968.974
906.991
