8616
8360
8662
6896
9057
7431
8811
9301
8054
7571
8549
9671
8197
7591
8838
7394
7768
7950
9507
8400
10349
11941
7115
8532
8667
9145
8120
9270
8670
7263
9468
9345
9519
8750
10464
8066
28244
10015
9291
6778
7073
9068
7835
9092
7946
8215
8661
8675
7626
8917
8984
7980
8188
9715
7798
8669
9554
9814
7975
10963
17472
11328
12429
11006
8684
8807
8830
8938
8820
9605
10740
8508
7352
6881
9866
8916
7600
8661
8010
7418
6911
9694
7289
7630
8438
8915
7043
7380
7404
7611
8174
7568
7799
7815
9738
7910
8869
8343
7683
9220
6867
7049
8004
7881
8218
8774
8229
7228
7656
8666
11144
7513
9341
8477
9357
8823
10257
9004
7970
8073
7390
7369
6955
9586
7001
7604
8842
8335
9605
8198
8530
7987
8367
8138
9082
9575
8938
7892
8062
8483
7576
8760
7899
7237
8633
8737
8180
9408
9589
8092
11845
8212
8750
7627
8189
6997
8412
8554
9005
8855
