1427.88
1955.67
2126.07
2970.09
1274.75
1418.2
1484.73
1773.26
2304.63
1596.72
1427.88
1289.81
1509.18
1705.93
1958.58
1513.1
2007.89
1767.55
1461.24
1623.46
1447.99
1657.75
1548.19
2260.65
1811.79
1986.48
1632.02
2361.67
2072.59
1386.59
1651.15
1371.99
1597.53
2203.82
1549.28
1569.64
2605.66
1584.73
1939.95
2064.12
1427.88
2568.32
2347.5
1587.06
2074.98
1618.26
1465.17
1513.81
1685.89
3315.42
1427.51
1380.42
1391.44
1881.83
1400.66
1656.44
1891.76
1357.41
2191.61
1846.18
1991.98
1818.15
1629.32
1490.41
1472.87
1406.78
1543.26
1425.04
1988.13
1468.15
1703.39
1555.05
1619.16
2572.76
2627.84
1565.67
2880.88
1606.73
2559.28
1274.63
1602.42
1818.79
1886.55
2023.43
1545.67
2970.67
1710.56
1470.74
1880.01
1377.29
1574.28
1471.5
2571.08
1586.67
2550.77
1848.36
1412.42
1680.07
1947.35
2060.63
