1272.23
1861.87
1102.77
1366.1
1168.29
1119.12
1853.97
1261.73
1146.64
1100.86
1048.33
1137.92
1122.53
1137.56
1160.66
1134.72
1079.63
1821.05
1154.46
1148.07
1181.77
1087.85
1314.45
1097.17
1001.58
1104.57
1234.3
1196.33
1136.94
1281.04
1164.76
1243.45
1286.32
1145.69
1765.33
1193.15
1154.92
1219.87
1252.62
1122.34
1105.96
1159.38
1950.13
1136.23
1140.9
1138.38
1131.4
1133.16
1065.24
1165.19
1255.2
1132.78
1030.69
1182.46
1111.88
1166.47
1180.31
1917.36
1699.53
1906.08
1305.55
1140.41
1199.44
1194.16
1177.68
1088.34
1094.79
1181.15
1108.64
1181.18
1132.18
1116.36
1170.12
1161.66
1117.25
1181.51
1172.09
1160.19
1134.86
1915.37
1128.38
1313.9
1575.47
1177.84
1378.93
1484.58
1134.86
1926.01
1207.03
1289.15
1150.42
1094.42
1113.52
1196.05
1273.66
2102.8
1108.26
1216.46
1875.03
1076.07
