646.362
639.611
686.429
634.44
641.793
639.693
638.157
634.688
697.481
641.481
633.999
650.501
629.12
632.071
691.246
640.769
635.309
634.766
662.298
694.198
637.513
649.986
634.053
695.281
629.637
636.323
697.195
634.32
700.974
628.452
633.811
634.114
630.947
635.729
642.999
630.404
630.046
633.15
637.391
689.186
692.428
663.826
703.803
636.784
637.924
635.763
635.616
641.808
638.441
636.537
631.173
640.719
635.447
638.004
638.398
660.12
688.062
636.429
634.953
655.467
643.145
634.353
634.103
633.145
631.676
639.46
638.102
633.357
628.245
647.241
640.91
632.901
633.802
640.3
629.031
631.692
638.356
645.138
632.858
634.998
633.661
633.49
633.137
631.858
638.347
633.807
631.119
637.859
637.832
641.879
639.964
638.089
644.186
636.657
635.857
634.678
688.648
633.04
671.446
645.318
