2912.39
1729.54
2449.11
1654.64
1862.47
1806.69
2549.75
2055.3
1919.38
1951.66
2367.34
1687.48
1596.19
2118.55
3236.48
2411.74
1620.39
3596.55
2944.75
2151.32
1771.02
1519.14
2828.04
2235.95
2416.08
1596.19
2037.28
3062.1
2086.63
2085.02
1642.53
2354.43
1461.4
1759.84
1573.21
2281.16
3054.78
1477.43
1373.89
1596.19
2066.04
1392.21
1979.48
2519.01
3026.53
4395.53
2553.15
1596.19
1894.76
3466.79
2918.9
3924.7
2343.3
2334.72
2324.15
3474.67
1907.47
1707.9
2658.51
1395.92
1841.5
1436.26
2491.84
2318.51
2046.11
1672.17
1758.85
1809.39
1875.5
2135.84
1738.08
2665.18
1936.37
3474.7
1802.11
1556.82
4007
1998.93
2085.24
2208.1
1516.57
1447.19
2165.5
2701.08
1815.79
1649.74
2665.96
1877.11
1941.85
1596.19
3113.23
1331.28
2217.13
1767.52
2011.17
2703.11
2630.46
1409.53
2091.83
2236.14
1700.56
1596.19
6258.12
1998.76
1462.2
1675.09
2326.53
1853.73
3172
2859.8
1393.52
2126.88
1395.83
2912.39
2094.44
2200.1
2985.38
1926.21
3457.46
5452.34
5160.37
1946.43
2122.94
1929.66
1747.93
1409.84
2123.21
1863.45
1469.66
1679.26
2466.64
1977.6
1682.45
