5928
6493
6970
5589
5615
6090
6167
7564
7201
5369
8118
6407
6098
6058
6348
5229
6398
8430
9693
7769
7181
4748
5960
7074
12112
7328
9503
7792
7358
8546
8440
7269
6462
7326
6479
6017
6635
7539
8440
7245
6820
6710
7652
5681
6197
6242
5638
6261
6655
6686
6544
7019
8848
5838
6815
6902
7149
6298
6034
6728
6974
6849
5663
7191
6824
6342
6320
6651
6468
6667
6192
6654
7398
6518
6195
6570
6062
5386
6864
6069
6421
6889
7014
6554
6024
5758
5927
6592
6520
6663
6502
6029
7407
6204
5819
6904
6253
8992
8371
7312
