1286
1245
1182
1468
1238
2052
1188
1192
1236
1424
1313
1180
1276
1112
1228
1185
1216
1391
1267
1178
1136
1142
1325
1141
1329
1232
1146
1201
1185
2032
1181
1331
1186
1241
1204
1293
1314
1336
1212
1248
1180
1231
1230
1147
1088
1236
1189
1228
1313
1281
1445
2019
1319
1163
1231
1439
1328
1639
1478
1221
1242
1300
1369
1274
1302
1256
1264
1327
1203
1998
1191
1230
1316
1318
1329
1325
1137
1207
1314
1089
1245
1131
1212
1135
1172
1132
1118
1920
1333
1243
1171
1229
1143
1144
1194
1236
1255
1190
2069
2418
