4935
4015
4477
4085
4270
4194
4363
4128
4054
4691
3974
3939
4307
4404
4026
4095
3255
4403
4041
4404
3456
4588
9516
4694
3960
4178
4408
4334
4014
4352
4256
4278
4197
4104
5262
4454
4336
4493
4055
4570
3960
3916
4284
4172
4522
4632
4073
4487
4313
4779
5012
4007
4314
4539
4060
4318
4128
4208
4023
4274
4389
4980
4131
4305
5034
5219
4293
5439
4343
3991
4136
4248
5030
6653
4064
4307
6871
4386
4285
4250
4030
4359
4565
4298
4612
4313
4370
3934
3961
4270
4594
4542
4206
16397
4029
3954
4411
3988
4340
4462
4097
11618
4266
3958
5509
4238
4961
4169
4959
3881
3975
4093
4320
4447
4235
4119
3906
4345
4117
4063
4303
4230
4129
4056
5009
4422
3976
6331
4069
4336
4487
4371
3952
5092
4119
4928
