11624
15122
11615
16095
13550
13648
11177
14399
11995
12413
12377
13297
11489
13269
13455
12789
20082
13822
12540
13224
11589
13401
11319
13719
13078
21386
12608
13849
13572
12813
12402
10894
12278
12072
13288
12338
12672
12555
11779
13427
11500
18678
10865
10972
13291
13159
13389
11499
11992
11743
12282
11836
12009
12839
11974
12985
13339
12902
12034
11596
11796
12739
13699
10659
13344
11975
11384
10945
12403
10952
13357
11289
13679
12231
12299
13987
12369
13089
15729
14912
12054
13300
12698
11642
19710
13188
10933
12145
15641
11951
17867
12106
12462
11835
13744
12767
11423
18178
12135
11016
11785
12180
14310
13233
14391
12471
12575
14651
16407
14520
11542
13252
14096
12286
11844
12092
18277
13113
14162
14674
13358
13070
13073
19583
13276
12552
15700
16268
