8440 633.811
7269 634.114
6462 630.947
7326 635.729
6479 642.999
6017 630.404
6635 630.046
7539 633.15
8440 637.391
7245 689.186
6820 692.428
6710 663.826
7652 703.803
5681 636.784
6197 637.924
6242 635.763
5638 635.616
6261 641.808
6655 638.441
6686 636.537
6544 631.173
7019 640.719
8848 635.447
5838 638.004
6815 638.398
6902 660.12
7149 688.062
6298 636.429
6034 634.953
6728 655.467
6974 643.145
6849 634.353
5663 634.103
7191 633.145
6824 631.676
6342 639.46
6320 638.102
6651 633.357
6468 628.245
6667 647.241
6192 640.91
6654 632.901
7398 633.802
6518 640.3
6195 629.031
6570 631.692
6062 638.356
5386 645.138
6864 632.858
6069 634.998
6421 633.661
6889 633.49
7014 633.137
6554 631.858
6024 638.347
5758 633.807
5927 631.119
6592 637.859
6520 637.832
6663 641.879
6502 639.964
6029 638.089
7407 644.186
6204 636.657
5819 635.857
6904 634.678
6253 688.648
8992 633.04
8371 671.446
7312 645.318
